19
0 0 1 2 0 4 5 18 17 8 8 17 11 12 17 14 15 7 0
0 1 2 3 4 5 6 18 7 17 8 9 10 11 12 13 14 15 16 

  0.0           0.0           0.0
 -3.10186948   0.0           0.0
 -3.10186948 -11.8048361    0.0
 -3.10186948 -23.52043444   0.0
  3.10186948   0.0           0.0
  3.10186948 -11.8048361    0.0
  3.10186948 -23.52043444   0.0
  0.0           6.40716592   0.0
  0.0          12.6125912    0.0
0.0          15.24607366   1.46558052
  0.0          17.9337484    0.0
  4.23343319  10.85885587   0.0
 11.64144337  10.85885587   0.0
 17.86682     10.85885587   0.0
 -4.23343319  10.85885587   0.0
-11.64144337  10.85885587   0.0
-17.86682     10.85885587   0.0
  0.0          10.85885587   0.0
   0.0           0.0           0.0


 0
 -180 180
 -180 180
 -180 180

 1
 -135 60
 0 0
 -90 40

 2
 0 120
 -1 1
 -1 1

 3
 -1 1
 -1 1
 -1 1

 4
 -135 60
 0 0
 -40 90

 5
 0 120
 -1 1
 -1 1

  6
 -1 1
 -1 1
 -1 1
 
 7
-30 60
0 0
-15 15
  
  8
 -50 50
 -90 90
 -60 60
  
  9
  -1 1
 -1 1
 -1 1

  10
 -1 1
 -1 1
 -1 1
 
 11
 -1 1
 -105 90
 -130 90

 12
 -1 1
 -150 5
 -0 0

 13
 -1 1
 -1 1
 -1 1

14
  -1 1
 -90 105
 -90 130

 15
 -1 1
 -5 150
 -1 1

 16
  -1 1
 -1 1
 -1 1

 17
 -1 1
 -1 1
 -1 1
 
 18
 -30 100
 -30 30
 -15 15